2005001	0	1	9
2005002	0	4	3
2005003	9	2	8
2005004	0	5	2
2005005	5	6	8
2005006	8	6	4
2005007	3	1	9
2005008	0	0	3
2005009	7	0	7
2005010	6	5	8
2005011	7	4	0
2005012	8	5	4
2005013	8	5	0
2005014	0	5	3
2005015	4	3	8
2005016	1	0	7
2005017	8	0	2
2005018	7	1	5
2005019	8	0	3
2005020	7	6	6
2005021	0	7	5
2005022	3	1	3
2005023	4	0	5
2005024	2	7	1
2005025	9	8	5
2005026	3	3	9
2005027	9	2	5
2005028	3	8	9
2005029	7	1	7
2005030	8	2	7
2005031	6	9	9
2005032	8	5	3
2005033	8	8	1
2005034	1	5	1
2005035	5	9	9
2005036	2	7	5
2005037	0	7	4
2005038	6	3	1
2005039	0	8	6
2005040	7	2	3
2005041	7	0	0
2005042	4	6	6
2005043	9	4	2
2005044	9	3	4
2005045	0	2	8
2005046	4	8	8
2005047	7	1	0
2005048	0	0	5
2005049	7	8	4
2005050	2	7	2
2005051	8	3	0
2005052	4	9	3
2005053	1	4	2
2005054	3	0	7
2005055	0	5	8
2005056	2	5	7
2005057	0	8	1
2005058	1	9	5
2005059	5	4	2
2005060	7	1	7
2005061	2	4	5
2005062	3	1	1
2005063	9	5	9
2005064	6	0	0
2005065	4	6	7
2005066	7	8	7
2005067	8	7	5
2005068	9	5	8
2005069	1	6	9
2005070	8	5	4
2005071	5	5	5
2005072	5	9	5
2005073	4	5	8
2005074	0	5	8
2005075	1	4	4
2005076	0	5	3
2005077	9	4	4
2005078	9	6	9
2005079	2	9	5
2005080	5	5	3
2005081	8	0	8
2005082	2	1	2
2005083	6	6	6
2005084	8	8	0
2005085	4	1	6
2005086	2	2	8
2005087	1	5	7
2005088	5	7	1
2005089	8	8	5
2005090	2	1	7
2005091	1	1	5
2005092	8	1	6
2005093	6	6	0
2005094	1	7	1
2005095	0	2	2
2005096	6	0	6
2005097	6	6	5
2005098	0	6	3
2005099	4	2	2
2005100	5	4	9
2005101	3	0	7
2005102	6	7	1
2005103	0	4	5
2005104	8	6	9
2005105	2	4	0
2005106	6	6	9
2005107	6	0	9
2005108	2	0	3
2005109	6	3	0
2005110	8	5	1
2005111	0	7	9
2005112	5	2	9
2005113	3	8	0
2005114	3	6	7
2005115	8	8	0
2005116	8	3	0
2005117	1	3	0
2005118	9	1	6
2005119	1	0	2
2005120	5	0	2
2005121	0	5	3
2005122	2	7	5
2005123	0	3	4
2005124	3	3	3
2005125	0	0	5
2005126	5	9	4
2005127	4	8	2
2005128	5	9	6
2005129	5	7	3
2005130	1	3	1
2005131	7	9	6
2005132	1	8	0
2005133	9	6	4
2005134	8	9	9
2005135	9	3	6
2005136	4	8	9
2005137	0	5	2
2005138	1	6	7
2005139	6	6	7
2005140	5	7	2
2005141	6	6	3
2005142	3	0	6
2005143	1	0	5
2005144	4	9	4
2005145	9	4	3
2005146	4	7	7
2005147	9	6	5
2005148	1	6	8
2005149	7	7	4
2005150	9	5	0
2005151	3	1	2
2005152	9	4	9
2005153	3	6	9
2005154	3	1	9
2005155	7	4	9
2005156	4	3	0
2005157	5	9	0
2005158	0	6	0
2005159	9	9	6
2005160	7	9	1
2005161	4	8	8
2005162	5	1	6
2005163	5	8	6
2005164	3	6	1
2005165	2	4	9
2005166	7	7	5
2005167	3	0	0
2005168	6	6	4
2005169	2	3	8
2005170	2	1	4
2005171	5	5	8
2005172	3	7	0
2005173	7	9	1
2005174	6	0	9
2005175	8	1	3
2005176	5	1	7
2005177	2	5	1
2005178	0	7	5
2005179	1	2	3
2005180	2	6	8
2005181	0	7	3
2005182	4	3	3
2005183	1	5	3
2005184	9	1	8
2005185	8	1	0
2005186	7	5	6
2005187	3	3	2
2005188	8	1	8
2005189	9	2	7
2005190	3	2	2
2005191	7	9	8
2005192	3	5	3
2005193	7	1	0
2005194	8	4	2
2005195	8	3	0
2005196	6	5	4
2005197	7	3	4
2005198	3	2	8
2005199	2	1	4
2005200	6	6	7
2005201	3	8	0
2005202	6	1	2
2005203	8	7	7
2005204	0	7	3
2005205	1	6	4
2005206	8	5	9
2005207	1	2	9
2005208	5	9	8
2005209	1	6	6
2005210	0	7	4
2005211	4	0	4
2005212	9	9	4
2005213	4	2	4
2005214	9	6	1
2005215	0	0	2
2005216	9	5	1
2005217	9	6	4
2005218	8	9	2
2005219	0	1	3
2005220	1	5	8
2005221	9	8	9
2005222	7	8	8
2005223	8	0	7
2005224	7	9	4
2005225	2	6	0
2005226	6	0	3
2005227	4	5	5
2005228	2	0	9
2005229	1	3	9
2005230	4	8	3
2005231	6	3	0
2005232	1	7	5
2005233	9	3	3
2005234	8	9	0
2005235	1	3	4
2005236	4	9	5
2005237	7	6	7
2005238	0	1	8
2005239	9	0	1
2005240	8	7	1
2005241	1	2	6
2005242	5	9	2
2005243	1	0	3
2005244	3	3	1
2005245	9	7	7
2005246	5	1	9
2005247	5	7	4
2005248	9	0	0
2005249	6	9	2
2005250	4	3	4
2005251	5	0	6
2005252	5	5	7
2005253	1	6	3
2005254	4	2	5
2005255	0	4	1
2005256	7	5	1
2005257	2	8	5
2005258	8	9	4
2005259	3	4	8
2005260	1	5	8
2005261	5	4	2
2005262	2	0	3
2005263	6	1	7
2005264	3	9	3
2005265	3	3	6
2005266	9	5	2
2005267	3	1	6
2005268	9	2	7
2005269	9	4	0
2005270	3	9	6
2005271	5	2	8
2005272	2	9	0
2005273	2	0	9
2005274	2	6	2
2005275	9	2	5
2005276	7	8	3
2005277	0	5	9
2005278	1	4	9
2005279	7	1	4
2005280	0	4	1
2005281	7	6	2
2005282	2	7	1
2005283	2	1	4
2005284	2	2	0
2005285	4	7	8
2005286	5	1	6
2005287	3	3	5
2005288	1	8	5
2005289	0	2	8
2005290	8	2	3
2005291	2	2	7
2005292	4	2	8
2005293	4	5	5
2005294	8	3	3
2005295	9	1	4
2005296	5	3	1
2005297	7	5	3
2005298	7	1	3
2005299	1	3	8
2005300	8	9	5
2005301	6	5	0
2005302	4	5	6
2005303	5	4	0
2005304	3	3	2
2005305	8	0	6
2005306	5	5	0
2005307	5	9	8
2005308	8	6	8
2005309	6	9	9
2005310	2	8	8
2005311	8	0	9
2005312	3	1	3
2005313	7	8	9
2005314	7	0	5
2005315	1	9	8
2005316	2	7	2
2005317	8	5	1
2005318	7	9	3
2005319	3	6	9
2005320	9	2	2
2005321	0	2	4
2005322	5	8	3
2005323	1	6	2
2005324	1	3	9
2005325	2	1	2
2005326	8	7	4
2005327	0	9	7
2005328	0	0	9
2005329	9	0	0
2005330	9	0	5
2005331	1	7	6
2005332	2	0	8
2005333	5	4	0
2005334	8	2	7
2005335	2	1	8
2005336	2	4	8
2005337	5	3	9
2005338	4	9	3
2005339	4	3	7
2005340	9	9	8
2005341	4	6	7
2005342	8	6	4
2005343	8	9	5
2005344	3	8	1
2005345	9	2	4
2005346	1	3	9
2005347	2	7	2
2005348	0	3	8
2005349	0	1	4
2005350	9	6	9
2005351	1	7	3
2005352	5	4	0
2005353	5	3	6
2005354	7	2	6
2005355	4	6	8
2005356	6	8	1
2005357	4	2	9
2005358	8	4	2
