2009001	6	7	1
2009002	7	5	4
2009003	4	3	8
2009004	9	5	1
2009005	4	9	9
2009006	0	3	7
2009007	9	1	6
2009008	1	9	6
2009009	0	4	7
2009010	3	9	7
2009011	4	0	3
2009012	1	5	7
2009013	6	2	6
2009014	4	3	4
2009015	8	6	9
2009016	3	0	4
2009017	7	4	0
2009018	3	3	4
2009019	5	1	4
2009020	3	2	8
2009021	1	3	5
2009022	3	5	8
2009023	3	4	4
2009024	4	2	9
2009025	1	4	1
2009026	3	8	4
2009027	2	9	8
2009028	5	0	6
2009029	9	1	8
2009030	7	8	5
2009031	5	2	9
2009032	1	9	4
2009033	4	4	4
2009034	7	6	7
2009035	5	1	4
2009036	2	3	6
2009037	1	4	7
2009038	5	4	0
2009039	8	9	7
2009040	4	4	0
2009041	9	6	8
2009042	1	4	0
2009043	2	6	8
2009044	7	3	7
2009045	3	7	5
2009046	9	8	9
2009047	3	9	3
2009048	9	3	9
2009049	8	3	4
2009050	5	0	8
2009051	4	1	6
2009052	3	8	9
2009053	6	4	5
2009054	6	9	8
2009055	5	6	7
2009056	6	5	2
2009057	6	5	8
2009058	2	0	8
2009059	3	5	9
2009060	7	7	4
2009061	2	0	7
2009062	4	4	3
2009063	9	9	4
2009064	6	6	1
2009065	0	5	5
2009066	6	6	5
2009067	0	1	6
2009068	7	1	8
2009069	0	8	5
2009070	3	5	1
2009071	0	4	7
2009072	8	2	1
2009073	3	0	3
2009074	3	2	8
2009075	9	9	9
2009076	9	8	8
2009077	5	7	6
2009078	5	5	8
2009079	8	9	2
2009080	5	3	0
2009081	4	5	6
2009082	3	7	6
2009083	8	7	7
2009084	0	7	6
2009085	8	5	2
2009086	1	6	1
2009087	8	2	1
2009088	8	0	9
2009089	0	4	6
2009090	0	0	3
2009091	8	5	1
2009092	0	8	5
2009093	0	6	9
2009094	2	9	0
2009095	7	9	2
2009096	4	0	2
2009097	4	7	4
2009098	9	3	7
2009099	4	3	6
2009100	5	8	5
2009101	4	8	5
2009102	1	9	7
2009103	7	3	0
2009104	5	1	5
2009105	6	9	1
2009106	5	8	0
2009107	9	8	5
2009108	2	0	7
2009109	8	3	2
2009110	6	0	3
2009111	6	4	5
2009112	4	7	7
2009113	7	0	5
2009114	3	5	9
2009115	0	4	8
2009116	1	9	2
2009117	5	0	5
2009118	6	6	3
2009119	1	4	6
2009120	3	0	1
2009121	1	8	1
2009122	4	3	1
2009123	9	9	2
2009124	2	2	3
2009125	6	4	4
2009126	7	3	6
2009127	5	3	9
2009128	9	7	4
2009129	0	5	6
2009130	2	6	9
2009131	3	7	3
2009132	8	3	2
2009133	4	1	9
2009134	9	8	6
2009135	7	2	2
2009136	5	7	0
2009137	3	0	2
2009138	8	9	0
2009139	4	1	2
2009140	7	3	1
2009141	9	3	8
2009142	2	1	8
2009143	2	2	1
2009144	0	9	7
2009145	1	1	0
2009146	7	1	4
2009147	5	6	6
2009148	8	3	1
2009149	0	6	3
2009150	7	1	9
2009151	4	5	3
2009152	5	7	2
2009153	3	8	9
2009154	3	5	1
2009155	1	8	8
2009156	8	4	1
2009157	5	0	8
2009158	1	3	9
2009159	0	3	7
2009160	6	2	7
2009161	0	4	8
2009162	9	9	5
2009163	8	3	8
2009164	1	4	7
2009165	3	5	4
2009166	2	0	9
2009167	8	1	7
2009168	5	6	5
2009169	4	7	5
2009170	4	4	6
2009171	2	0	0
2009172	9	1	9
2009173	7	1	3
2009174	9	6	5
2009175	5	8	6
2009176	5	5	1
2009177	0	5	9
2009178	2	4	7
2009179	3	6	2
2009180	0	3	5
2009181	5	0	0
2009182	2	8	8
2009183	6	9	6
2009184	6	2	3
2009185	8	4	5
2009186	0	1	7
2009187	5	1	0
2009188	9	1	1
2009189	2	8	1
2009190	5	3	4
2009191	6	4	0
2009192	6	6	9
2009193	3	4	8
2009194	2	1	4
2009195	2	7	9
2009196	4	6	8
2009197	8	8	9
2009198	2	9	8
2009199	6	1	2
2009200	8	2	3
2009201	1	8	8
2009202	2	3	0
2009203	8	3	0
2009204	0	6	2
2009205	0	8	3
2009206	2	8	4
2009207	3	6	7
2009208	0	1	3
2009209	1	5	4
2009210	3	0	4
2009211	6	8	1
2009212	6	4	2
2009213	5	6	7
2009214	2	3	9
2009215	3	1	8
2009216	6	4	8
2009217	6	8	5
2009218	0	6	1
2009219	8	2	2
2009220	3	1	7
2009221	8	5	6
2009222	7	6	1
2009223	7	4	0
2009224	1	7	6
2009225	4	3	8
2009226	4	5	7
2009227	2	4	4
2009228	7	3	8
2009229	5	9	7
2009230	7	7	2
2009231	1	2	7
2009232	4	3	8
2009233	8	0	7
2009234	0	7	3
2009235	0	6	3
2009236	3	2	3
2009237	8	4	4
2009238	9	6	3
2009239	1	7	3
2009240	2	9	9
2009241	7	7	3
2009242	1	5	6
2009243	6	9	5
2009244	4	2	3
2009245	4	5	4
2009246	7	5	1
2009247	8	0	4
2009248	4	1	2
2009249	5	5	0
2009250	3	1	9
2009251	5	8	7
2009252	3	9	9
2009253	7	0	7
2009254	0	0	8
2009255	9	0	6
2009256	8	6	0
2009257	8	3	9
2009258	5	4	9
2009259	6	6	6
2009260	4	2	3
2009261	3	9	8
2009262	7	9	0
2009263	2	9	2
2009264	3	4	5
2009265	8	6	9
2009266	8	9	4
2009267	9	3	7
2009268	4	8	0
2009269	4	3	0
2009270	7	5	9
2009271	3	3	5
2009272	5	6	6
2009273	0	9	5
2009274	5	9	3
2009275	6	1	5
2009276	6	0	8
2009277	9	4	0
2009278	3	6	7
2009279	6	8	4
2009280	9	5	6
2009281	4	5	9
2009282	8	5	0
2009283	1	6	1
2009284	6	5	4
2009285	9	1	1
2009286	3	4	9
2009287	0	5	6
2009288	4	9	0
2009289	3	4	4
2009290	0	0	4
2009291	8	7	9
2009292	3	7	4
2009293	7	7	9
2009294	9	6	0
2009295	6	7	2
2009296	5	9	1
2009297	7	2	9
2009298	3	1	0
2009299	8	8	0
2009300	7	4	4
2009301	6	6	9
2009302	8	4	9
2009303	6	1	0
2009304	5	5	2
2009305	6	4	0
2009306	5	8	3
2009307	5	5	1
2009308	0	3	0
2009309	8	1	8
2009310	9	6	5
2009311	7	8	9
2009312	8	1	7
2009313	6	6	3
2009314	7	8	9
2009315	5	8	1
2009316	0	7	3
2009317	4	8	0
2009318	6	0	7
2009319	6	3	3
2009320	6	9	2
2009321	0	8	1
2009322	8	2	7
2009323	0	0	3
2009324	9	4	2
2009325	8	7	9
2009326	9	5	0
2009327	5	5	4
2009328	4	0	2
2009329	8	4	4
2009330	6	0	7
2009331	9	1	5
2009332	8	9	7
2009333	3	3	6
2009334	5	1	9
2009335	8	7	7
2009336	9	1	8
2009337	7	5	2
2009338	6	3	4
2009339	6	3	8
2009340	1	5	9
2009341	6	5	4
2009342	5	8	7
2009343	8	7	6
2009344	2	9	2
2009345	6	9	1
2009346	6	0	3
2009347	0	1	6
2009348	5	7	8
2009349	7	2	1
2009350	0	5	2
2009351	6	4	5
2009352	3	7	4
2009353	3	0	8
2009354	4	5	4
2009355	5	6	6
2009356	7	1	2
2009357	8	3	7
2009358	6	7	0
